92
2699
2705
2711
2717
2723
2729
2736
2742
2748
2754
2761
2767
2774
2780
2786
2792
2798
2804
2810
2817
2823
2830
2836
2842
2848
2854
2861
2867
2873
2879
2885
2891
2898
2905
2911
2917
2923
2929
2935
2941
2948
2954
2961
2967
2973
2979
2985
2992
2998
3004
3010
3016
3022
3030
3036
3042
3048
3054
3060
3066
3073
3079
3085
3091
3098
3104
3110
3117
3123
3129
3135
3141
3147
3153
3161
3167
3173
3179
3185
3191
3197
3204
3210
3216
3222
3229
3235
3241
3248
3254
3260
3266
3272
3278
3284
3291
3298
3304
3310
3316
3322
3329
3335
3341
3347
3353
3360
3366
3373
3379
3385
3391
3397
3403
3409
3416
3422
3429
3435
3441
3447
3453
3460
3466
3472
3478
3484
3490
3497
3504
3510
3516
3522
3528
3534
3540
3547
3553
3560
3566
3572
3578
3585
3591
3597
3603
3609
3615
3621
3629
3635
3641
3647
3653
3659
3665
3672
3678
3684
3690
3697
3703
3709
3716
3722
3728
3734
3740
3746
3752
3760
3766
3772
3778
3784
3790
3796
3803
3809
3815
3821
3828
3834
3841
3847
3853
3859
3865
3871
3877
3884
3890
3897
3903
3909
3915
3921
3928
3934
3940
3946
3952
3959
3965
3972
3978
3984
3990
3996
4002
4008
4015
4021
4028
4034
4040
4046
4052
4059
4065
4071
4077
4083
4089
4097
4103
4109
4115
4121
4127
4133
4140
4146
4152
4159
4165
4171
4177
4184
4190
4196
4202
4208
4214
4220
4228
4234
4240
4246
4252
4258
4264
4271
4277
4283
4289
4296
4302
4308
4315
4321
4327
4333
4339
4345
4352
4359
4365
4371
4377
4383
4389
4396
4402
4408
4414
4420
4427
4433
4440
4446
4452
4458
4464
4470
4476
4483
4489
4496
4502
4508
4514
4520
4527
4533
4539
4545
4551
4558
4564
4571
4577
4583
4589
4595
4601
4608
4614
4620
4627
4633
4639
4645
4652
4658
4664
4670
4676
4682
4688
4696
4702
4708
4714
4720
4726
4732
4739
4745
4751
4758
4764
4770
4776
4783
4789
4795
4801
4807
4813
4819
4827
4833
4839
4845
4851
4857
4864
4870
4876
4882
4888
4895
4901
4908
4914
4920
4926
4932
4938
4944
4951
4958
4964
4970
4976
4982
4988
4995
5001
5007
5013
5019
5026
5032
5039
5045
5051
5057
5063
5069
5075
5082
5088
5095
5101
5107
5113
5120
5126
5132
5138
5144
5150
5157
5164
5170
5176
5182
5188
5194
5200
5207
5213
5219
5226
5232
5238
5244
5251
5257
5263
5269
5275
5281
5287
5295
5301
5307
5313
5319
5325
5331
5338
5344
5350
5357
5363
5369
5376
5382
5388
5394
5400
5406
5412
5419
5426
5432
5438
5444
5450
5456
5463
5469
5475
5481
5487
5494
5500
5507
5513
5519
5525
5531
5537
5543
5550
5557
5563
5569
5575
5581
5587
5594
5600
5606
5612
5618
5625
5632
5638
5644
5650
5656
5662
5668
5675
5681
5687
5694
5700
5706
5712
5719
5725
5731
5737
5743
5749
5756
5763
5769
5775
5781
5787
5793
5799
5806
5812
5818
5825
5831
5837
5843
5850
5856
5862
5868
5874
5880
5886
5894
5900
5906
5912
5918
5924
5931
5937
5943
5949
5956
5962
5968
5975
5981
5987
5993
5999
6005
6011
6018
6025
6031
6037
6043
6049
6055
6062
6068
6074
6080
6086
6093
6099
6106
6112
6118
6124
6130
6136
6142
6149
6156
6162
6168
6174
6180
6187
6193
6199
6205
6211
6217
6224
6231
6237
6243
6249
6255
6261
6267
6274
6280
6286
6293
6299
6305
6311
6318
6324
6330
6336
6342
6348
6355
6362
6368
6374
6380
6386
6392
6398
6405
6411
6417
6424
6430
6436
6443
6449
6455
6461
6467
6473
6479
6486
6493
6499
6505
6511
6517
6523
6530
6536
6542
6548
6555
6561
6567
6574
6580
6586
6592
6598
6604
6610
6617
6624
6630
6636
6642
6648
6654
6661
6667
6673
6679
6685
6692
6699
6705
6711
6717
6723
6729
6735
6742
6748
6755
6761
6767
6773
6779
6786
6792
6798
6804
6810
6816
6823
6830
6836
6842
6848
6854
6860
6866
6873
6879
6885
6892
6898
6904
6910
6917
6923
6929
6935
6941
6947
6955
6961
6967
6973
6979
6985
6991
6998
7004
7010
7016
7023
7029
7035
7042
7048
7054
7060
7066
7072
7078
7085
7092
7098
7104
7110
7116
7122
7129
7135
7141
7147
7154
7160
7166
7173
7179
7185
7191
7197
7203
7209
7216
7223
7229
7235
7241
7247
7254
7260
7266
7272
7278
7284
7291
7298
7304
7310
7316
7322
7328
7334
7341
7347
7354
7360
7366
7372
7378
7385
7391
7397
7403
7409
7415
7422
7429
7435
7441
7447
7453
7459
7465
7472
7478
7484
7491
7497
7503
7510
7516
7522
7528
7534
7540
7546
7554
7560
7566
7572
7578
7584
7590
7597
7603
7609
7615
7622
7628
7634
7641
7647
7653
7659
7665
7671
7677
7684
7691
7697
7703
7709
7715
7721
7728
7734
7740
7746
7753
7759
7766
7772
7778
7784
7790
7796
7802
7809
7815
7822
7828
7834
7840
7846
7853
7859
7865
7871
7877
7883
7890
7897
7903
7909
7915
7921
7927
7933
7940
7946
7953
7959
7965
7971
7977
7984
7990
7996
8002
8008
8014
8022
8028
8034
8040
8046
8052
8058
8065
8071
8077
8083
8090
8096
8102
8109
8115
8121
8127
8133
8139
8145
8153
8159
8165
8171
8177
8183
8189
8196
8202
8208
8214
8221
8227
8233
8240
8246
8252
8258
8264
8270
8276
8283
8290
8296
8302
8308
8314
8321
8327
8333
8339
8345
8352
8358
8365
8371
8377
8383
8389
8395
8401
8408
8414
8421
8427
8433
8439
8445
8452
8458
8464
8470
8476
8482
8489
8496
8502
8508
8514
8520
8526
8532
8539
8545
8552
8558
8564
8570
8577
8583
8589
8595
8601
8607
8613
8621
8627
8633
8639
8645
8651
8657
8664
8670
8676
8682
8689
8695
8701
8708
8714
8720
8726
8732
8738
8744
8752
8758
8764
8770
8776
8782
8788
8795
8801
8807
8813
8820
8826
8833
8839
8845
8851
8857
8863
8869
8876
8882
8889
8895
8901
8907
8913
8920
8926
8932
8938
8944
8951
8957
8964
8970
8976
8982
8988
8994
9000
9007
9013
9020
9026
9032
9038
9044
9051
9057
9063
9069
9075
9082
9089
9095
9101
9107
9113
9119
9125
9132
9138
9144
9151
9157
9163
9169
9176
9182
9188
9194
9200
9206
9212
9220
9226
9232
9238
9244
9250
9256
9263
9269
9275
9281
9288
9294
9300
9307
9313
9319
9325
9331
9337
9344
9351
9357
9363
9369
9375
9381
9388
9394
9400
9406
9412
9419
9425
9432
9438
9444
9450
9456
9462
9468
9475
9482
9488
9494
9500
9506
9512
9519
9525
9531
9537
9543
9550
9556
9563
9569
9575
9581
9587
9593
9600
9606
9612
9619
9625
9631
9637
9644
9650
9656
9662
9668
9674
9681
9688
9694
9700
9706
9712
9718
9724
9731
9737
9743
9750
9756
9762
9768
9775
9781
9787
9793
9799
9805
9811
9819
9825
9831
9837
9843
9849
9856
9862
9868
9874
9880
9887
9893
9900
9906
9912
9918
9924
9930
9936
9943
9950
9956
9962
9968
9974
9980
9987
9993
9999
10005
10012
10020
10028
10035
10042
10049
10056
10063
10071
10078
10086
10093
10100
10107
10115
10122
10129
10136
10143
10151
10159
10166
10173
10180
10187
10194
10202
10209
10217
10224
10231
10238
10246
10253
10260
10267
10274
10283
10290
10297
10304
10311
10318
10326
10333
10340
10348
10355
10362
10370
10377
10384
10391
10398
10405
10413
10421
10428
10435
10442
10449
10457
10464
10471
10478
10486
10493
10501
10508
10515
10522
10529
10536
10544
10552
10559
10566
10573
10580
10588
10595
10602
10609
10617
10625
10632
10639
10646
10653
10660
10668
10675
10683
10690
10697
10704
10712
10719
10726
10733
10740
10748
10756
10763
10770
10777
10784
10791
10799
10806
10814
10821
10828
10835
10843
10850
10857
10864
10871
10880
10887
10894
10901
10908
10915
10923
10930
10937
10944
10952
10959
10967
10974
10981
10988
10995
11002
11010
11018
11025
11032
11039
11046
11054
11061
11068
11075
11083
11090
11098
11105
11112
11119
11126
11133
11141
11149
11156
11163
11170
11177
11185
11192
11199
11206
11214
11222
11229
11236
11243
11250
11257
11265
11272
11280
11287
11294
11301
11309
11316
11323
11330
11337
11344
11353
11360
11367
11374
11381
11388
11396
11403
11410
11418
11425
11432
11440
11447
11454
11461
11468
11475
11484
11491
11498
11505
11512
11520
11527
11534
11541
11549
11556
11564
11571
11578
11585
11592
11599
11607
11615
11622
11629
11636
11643
11651
11658
11665
11672
11680
11687
11695
11702
11709
11716
11723
11730
11738
11746
11753
11760
11767
11774
11782
11789
11796
11803
11811
11819
11826
11833
11840
11847
11854
11862
11869
11876
11884
11891
11898
11906
11913
11920
11927
11934
11941
11950
11957
11964
11971
11978
11985
11993
12000
12007
12015
12022
12029
12037
12044
12051
12058
12065
12072
12081
12088
12095
12102
12109
12116
12124
12131
12138
12146
12153
12161
12168
12175
12182
12189
12196
12204
12212
12219
12226
12233
12240
12248
12255
12262
12269
12277
12284
12292
12299
12306
12313
12320
12327
12335
12342
12350
12357
12364
12371
12379
12386
12393
12400
12407
12416
12423
12430
12437
12444
12451
12459
12466
12473
12481
12488
12495
12503
12510
12517
12524
12531
12538
12547
12554
12561
12568
12575
12582
12590
12597
12604
12612
12619
12626
12634
12641
12648
12655
12662
12669
12678
12685
12692
12699
12706
12713
12721
12728
12735
12742
12750
12758
12765
12772
12779
12786
12793
12801
12808
12816
12823
12830
12837
12845
12852
12859
12866
12873
12881
12889
12896
12903
12910
12917
12924
12932
12939
12947
12954
12961
12968
12976
12983
12990
12997
13004
13012
13020
13027
13034
13041
13048
13056
13063
13070
13078
13085
13092
13100
13107
13114
13121
13128
13135
13144
13151
13158
13165
13172
13179
13187
13194
13201
13209
13216
13223
13231
13238
13245
13252
13259
13266
13274
13282
13289
13296
13303
13310
13318
13325
13332
13339
13347
13355
13362
13369
13376
13383
13390
13398
13405
13413
13420
13427
13434
13442
13449
13456
13463
13470
13478
13486
13493
13500
13507
13514
13521
13529
13536
13544
13551
13558
13565
13573
13580
13587
13594
13601
13609
13617
13624
13631
13638
13645
13652
13660
13667
13674
13682
13689
13697
13704
13711
13718
13725
13732
13740
13748
13755
13762
13769
13776
13784
13791
13798
13805
13813
13820
13828
13835
13842
13849
13856
13863
13871
13879
13886
13893
13900
13907
13915
13922
13929
13936
13944
13952
13959
13966
13973
13980
13987
13995
14002
14010
14017
14024
14031
14039
14046
14053
14060
14067
14075
14083
14090
14097
14104
14111
14118
14126
14133
14141
14148
14155
14162
14170
14177
14184
14191
14198
14205
14214
14221
14228
14235
14242
14249
14257
14264
14271
14279
14286
14294
14301
14308
14315
14322
14329
14337
14345
14352
14359
14366
14373
14381
14388
14395
14402
14410
14417
14425
14432
14439
14446
14453
14460
14468
14476
14483
14490
14497
14504
14512
14519
14526
14533
14541
14548
14556
14563
14570
14577
14584
14592
14599
14607
14614
14621
14628
14636
14643
14650
14657
14664
14671
14680
14687
14694
14701
14708
14715
14723
14730
14737
14745
14752
14759
14767
14774
14781
14788
14795
14802
14811
14818
14825
14832
14839
14846
14854
14861
14868
14876
14883
14891
14898
14905
14912
14919
14926
14934
14942
14949
14956
14963
14970
14978
14985
14992
14999
15007
15014
15022
15029
15036
15043
15050
15057
15065
15073
15080
15087
15094
15101
15109
15116
15123
15130
15137
15145
15153
15160
15167
15174
15181
15188
15196
15203
15211
15218
15225
15233
15240
15247
15254
15261
15268
15277
15284
15291
15298
15305
15312
15320
15327
15334
15342
15349
15356
15364
15371
15378
15385
15392
15399
15408
15415
15422
15429
15436
15443
15451
15458
15465
15473
15480
15488
15495
15502
15509
15516
15523
15531
15539
15546
15553
15560
15567
15575
15582
15589
15596
15603
15611
15619
15626
15633
15640
15647
15654
15662
15669
15677
15684
15691
15698
15706
15713
15720
15727
15734
15742
15750
15757
15764
15771
15778
15785
15793
15800
15808
15815
15822
15830
15837
15844
15851
15858
15865
15874
15881
15888
15895
15902
15909
15917
15924
15931
15939
15946
15953
15961
15968
15975
15982
15989
15996
16005
16012
16019
16026
16033
16040
16048
16055
16062
16069
16077
16084
16092
16099
16106
16113
16120
16128
16135
16143
16150
16157
16164
16172
16179
16186
16193
16200
16208
16216
16223
16230
16237
16244
16251
16259
16266
16274
16281
16288
16295
16303
16310
16317
16324
16331
16339
16347
16354
16361
16368
16375
16382
16390
16397
16405
16412
16419
16427
16434
16441
16448
16455
16462
16471
16478
16485
16492
16499
16506
16514
16521
16528
16535
16543
16550
16558
16565
16572
16579
16586
16593
16601
16609
16616
16623
16630
16637
16645
16652
16659
16666
16674
16681
16689
16696
16703
16710
16717
16724
16732
16740
16747
16754
16761
16769
16776
16783
16790
16797
16805
16813
16820
16827
16834
16841
16848
16856
16863
16871
16878
16885
16892
16900
16907
16914
16921
16928
16935
16944
16951
16958
16965
16972
16979
16987
16994
17001
17009
17016
17024
17031
17038
17045
17052
17059
17067
17075
17082
17089
17096
17103
17111
17118
17125
17132
17140
17147
17155
17162
17169
17176
17183
17190
17198
17206
17213
17220
17227
17234
17242
17249
17256
17263
17271
17278
17286
17293
17300
17307
17314
17321
17329
17337
17344
17351
17358
17366
17373
17380
17387
17394
17402
17410
17417
17424
17431
17438
17445
17453
17460
17467
17475
17482
17489
17497
17504
17511
17518
17525
17532
17541
17548
17555
17562
17569
17576
17584
17591
17598
17606
17613
17620
17628
17635
17642
17649
17656
17664
17672
17679
17686
17693
17700
17708
17715
17722
17729
17737
17744
17752
17759
17766
17773
17780
17787
17795
17803
17810
17817
17824
17831
17839
17846
17853
17860
17867
17875
17883
17890
17897
17904
17911
17918
17926
17933
17941
17948
17955
17963
17970
17977
17984
17991
17998
18007
18014
18021
18028
18035
18042
18050
18057
18064
18072
18079
18086
18094
18101
18108
18115
18122
18129
18138
18145
18152
18159
18166
18173
18181
18188
18195
18203
18210
18217
18225
18232
18239
18246
18253
18260
18269
18276
18283
18290
18297
18305
18312
18319
18326
18334
18341
18349
18356
18363
18370
18377
18384
18392
18399
18407
18414
18421
18428
18436
18443
18450
18457
18464
18472
18480
18487
18494
18501
18508
18515
18523
18530
18538
18545
18552
18560
18567
18574
18581
18588
18595
18604
18611
18618
18625
18632
18639
18647
18654
18661
18669
18676
18683
18691
18698
18705
18712
18719
18726
18735
18742
18749
18756
18763
18770
18778
18785
18792
18799
18807
18814
18822
18829
18836
18843
18850
18857
18865
18873
18880
18887
18894
18902
18909
18916
18923
18930
18938
18946
18953
18960
18967
18974
18981
18989
18996
19004
19011
19018
19025
19033
19040
19047
19054
19061
19069
19077
19084
19091
19098
19105
19112
19120
19127
19135
19142
19149
19156
19164
19171
19178
19185
19192
19201
19208
19215
19222
19229
19236
19244
19251
19258
19266
19273
19280
19288
19295
19302
19309
19316
19323
19331
19339
19346
19353
19360
19367
19375
19382
19389
19396
19404
19411
19419
19426
19433
19440
19447
19454
19462
19470
19477
19484
19491
19499
19506
19513
19520
19527
19535
19543
19550
19557
19564
19571
19578
19586
19593
19601
19608
19615
19622
19630
19637
19644
19651
19658
19666
19674
19681
19688
19695
19702
19709
19717
19724
19732
19739
19746
19753
19761
19768
19775
19782
19789
19796
19805
19812
19819
19826
19833
19841
19848
19855
19862
19870
19877
19885
19892
19899
19906
19913
19920
19928
19936
19943
19950
19957
19964
19972
19979
19986
19993
20001
20008
20016
20023
20030
20037
20044
20051
20059
20067
20074
20081
20088
20096
20103
20110
20117
20124
20132
20140
20147
20154
20161
20168
20175
20183
20190
20198
20205
20212
20219
20227
20234
20241
20248
20255
20262
20271
20278
20285
20292
20299
20306
20314
20321
20328
20336
20343
20350
20358
20365
20372
20379
20386
20393
20402
20409
20416
20423
20430
20438
20445
20452
20459
20467
20474
20482
20489
20496
20503
20510
20517
20525
20533
20540
20547
20554
20561
20569
20576
20583
20590
20598
20605
20613
20620
20627
20634
20641
20648
20656
20664
20671
20678
20685
20692
20700
20707
20714
20721
20728
20737
20744
20751
20758
20765
20772
20780
20787
20794
20802
20809
20816
20824
20831
20838
20845
20852
20859
20868
20875
20882
20889
20896
20903
20911
20918
20925
20933
20940
20947
20955
20962
20969
20976
20983
20990
20999
21006
21013
21020
21027
21035
21042
21049
21056
21064
21071
21079
21086
21093
21100
21107
21114
21122
21130
21137
21144
21151
21158
21166
21173
21180
21187
21194
21202
21210
21217
21224
21231
21238
21245
21253
21260
21268
21275
21282
21289
21297
21304
21311
21318
21325
21334
21341
21348
21355
21362
21369
21377
21384
21391
21399
21406
21413
21421
21428
21435
21442
21449
21456
21465
21472
21479
21486
2149