Time	Overall Cx
0.000000000000	0.000000000000
0.000555555556	46.152223434614
0.001111111111	16.199557971045
0.001666666667	6.351880130110
0.002222222222	8.764246647072
0.002777777778	6.917621316183
0.003333333333	3.539730766522
0.003888888889	1.872815019012
0.004444444444	1.264190620720
0.005000000000	1.224627463557
0.005555555556	1.643460018652
0.006111111111	2.154797140680
0.006666666667	2.641285268385
0.007222222222	2.735109174332
0.007777777778	2.532596036693
0.008333333333	2.193179470819
0.008888888889	1.821170434604
0.009444444444	1.554479600426
0.010000000000	1.440402731447
0.010555555556	1.417384862495
0.011111111111	1.493690310891
0.011666666667	1.639205348655
0.012222222222	1.775793736387
0.012777777778	1.841726193648
0.013333333333	1.763319750442
0.013888888889	1.563631813226
0.014444444444	1.343066811961
0.015000000000	1.169652665992
0.015555555556	1.114318155543
0.016111111111	1.180914274623
0.016666666667	1.296816797435
0.017222222222	1.424750840285
0.017777777778	1.505670172513
0.018333333333	1.507648840036
0.018888888889	1.438419883216
0.019444444444	1.335235927227
0.020000000000	1.209657924022
0.020555555556	1.129356187626
0.021111111111	1.114479062706
0.021666666667	1.155457379009
0.022222222222	1.236763195947
0.022777777778	1.317665746908
0.023333333333	1.353960704586
0.023888888889	1.329480249282
0.024444444444	1.258150156006
0.025000000000	1.170116421848
0.025555555556	1.125576808871
0.026111111111	1.110645396040
0.026666666667	1.137480480978
0.027222222222	1.174681846854
0.027777777778	1.220299454280
0.028333333333	1.246354438527
0.028888888889	1.239771346188
0.029444444444	1.216371028467
0.030000000000	1.191156631930
0.030555555556	1.160756979644
0.031111111111	1.140051134208
0.031666666667	1.132941118881
0.032222222222	1.144908048199
0.032777777778	1.171535395170
0.033333333333	1.201262831703
0.033888888889	1.219619963828
0.034444444444	1.217715091319
0.035000000000	1.196827524271
0.035555555556	1.166096851987
0.036111111111	1.138467745591
0.036666666667	1.126480601380
0.037222222222	1.129304245727
0.037777777778	1.145299707943
0.038333333333	1.166772522951
0.038888888889	1.175328189227
0.039444444444	1.179374570246
0.040000000000	1.181309232666
0.040555555556	1.172850284402
0.041111111111	1.160918186643
0.041666666667	1.151788184074
0.042222222222	1.148391720952
0.042777777778	1.152196939099
0.043333333333	1.161801208912
0.043888888889	1.172851744237
0.044444444444	1.182564967118
0.045000000000	1.187630564776
0.045555555556	1.186188562083
0.046111111111	1.181444674883
0.046666666667	1.176021987806
0.047222222222	1.166705217584
0.047777777778	1.167955247985
0.048333333333	1.178067413088
0.048888888889	1.188528758259
0.049444444444	1.195924110508
0.050000000000	1.198257714034
0.050555555556	1.194124667959
0.051111111111	1.185891966387
0.051666666667	1.176625407753
0.052222222222	1.165243997015
0.052777777778	1.158527068715
0.053333333333	1.155487767700
0.053888888889	1.153379600292
0.054444444444	1.153039812936
0.055000000000	1.153752132776
0.055555555556	1.147535954469
0.056111111111	1.139985397137
0.056666666667	1.138083624511
0.057222222222	1.137473263207
0.057777777778	1.137228589856
0.058333333333	1.136834055315
0.058888888889	1.140813007746
0.059444444444	1.142677673477
0.060000000000	1.143068079185
0.060555555556	1.135523660200
0.061111111111	1.135543463539
0.061666666667	1.143345710167
0.062222222222	1.144672468742
0.062777777778	1.140147784227
0.063333333333	1.137119024911
0.063888888889	1.139835507937
0.064444444444	1.144053805082
0.065000000000	1.148249926464
0.065555555556	1.154564653540
0.066111111111	1.154302576023
0.066666666667	1.146529949463
0.067222222222	1.142799542344
0.067777777778	1.140571576776
0.068333333333	1.144868103939
0.068888888889	1.144674397527
0.069444444444	1.141917588703
0.070000000000	1.125710865190
0.070555555556	1.135393457537
0.071111111111	1.151280310417
0.071666666667	1.143415004668
0.072222222222	1.144211283068
0.072777777778	1.135391021317
0.073333333333	1.139638234034
0.073888888889	1.135981319472
0.074444444444	1.139563528324
0.075000000000	1.146212798097
0.075555555556	1.127760523956
0.076111111111	1.138582886184
0.076666666667	1.152795471672
0.077222222222	1.146683035828
0.077777777778	1.145023391764
0.078333333333	1.147747922214
0.078888888889	1.141766697190
0.079444444444	1.120335190238
0.080000000000	1.126205252137
0.080555555556	1.125198326603
0.081111111111	1.114517077592
0.081666666667	1.129923282904
0.082222222222	1.127801640920
0.082777777778	1.125170443508
0.083333333333	1.123879844611
0.083888888889	1.123600637112
0.084444444444	1.122842011548
0.085000000000	1.122658650619
0.085555555556	1.121938145611
0.086111111111	1.125577535267
0.086666666667	1.123376406740
0.087222222222	1.119486310000
0.087777777778	1.116750303610
0.088333333333	1.115703914648
0.088888888889	1.115815365032
0.089444444444	1.115323703694
0.090000000000	1.103299958445
0.090555555556	1.104763263250
0.091111111111	1.120876841681
0.091666666667	1.123254844866
0.092222222222	1.125334848708
0.092777777778	1.124061789843
0.093333333333	1.119746908007
0.093888888889	1.116662296710
0.094444444444	1.116326874673
0.095000000000	1.118817393180
0.095555555556	1.120902144427
0.096111111111	1.120479605901
0.096666666667	1.120371355619
0.097222222222	1.117712916187
0.097777777778	1.115493589790
0.098333333333	1.117565318819
0.098888888889	1.119999239664
0.099444444444	1.123883649181
0.100000000000	1.118802898818
0.100555555556	1.120965125263
0.101111111111	1.108967376162
0.101666666667	1.103192945901
0.102222222222	1.111409422758
0.102777777778	1.113916868368
0.103333333333	1.120010476739
0.103888888889	1.120521178299
0.104444444444	1.119043546998
0.105000000000	1.116007232361
0.105555555556	1.116170853591
0.106111111111	1.115112905819
0.106666666667	1.117295738570
0.107222222222	1.121763791155
0.107777777778	1.122272168171
0.108333333333	1.122265666594
0.108888888889	1.120812949550
0.109444444444	1.117833494461
0.110000000000	1.117104313412
0.110555555556	1.119066338663
0.111111111111	1.120589373833
0.111666666667	1.118603481321
0.112222222222	1.117404383403
0.112777777778	1.116503293516
0.113333333333	1.117660122382
0.113888888889	1.119436630828
0.114444444444	1.120053744114
0.115000000000	1.111739002877
0.115555555556	1.114968314873
0.116111111111	1.113861243236
0.116666666667	1.114118312323
0.117222222222	1.114176100076
0.117777777778	1.113757852982
0.118333333333	1.113586499590
0.118888888889	1.112302212054
0.119444444444	1.112829156783
0.120000000000	1.114600200957
0.120555555556	1.116845606675
0.121111111111	1.116011397781
0.121666666667	1.116476288393
0.122222222222	1.115590662256
0.122777777778	1.115878272809
0.123333333333	1.119336585067
0.123888888889	1.121084965846
0.124444444444	1.118952464405
0.125000000000	1.117643925804
0.125555555556	1.116740518735
0.126111111111	1.116450468607
0.126666666667	1.116135497934
0.127222222222	1.117121452316
0.127777777778	1.119423836766
0.128333333333	1.120975598671
0.128888888889	1.121506264171
0.129444444444	1.121545861948
0.130000000000	1.118542046868
0.130555555556	1.113227522450
0.131111111111	1.110659886827
0.131666666667	1.116592599268
0.132222222222	1.119355961835
0.132777777778	1.115901778660
0.133333333333	1.114890724376
0.133888888889	1.116252733380
0.134444444444	1.115165177223
0.135000000000	1.113846423591
0.135555555556	1.112257984942
0.136111111111	1.110613880272
0.136666666667	1.111870253064
0.137222222222	1.114120129310
0.137777777778	1.118338947944
0.138333333333	1.116939270165
0.138888888889	1.116091130503
0.139444444444	1.118605701636
0.140000000000	1.122136080611
0.140555555556	1.120240157398
0.141111111111	1.113656082579
0.141666666667	1.108017743520
0.142222222222	1.107410032346
0.142777777778	1.102383234142
0.143333333333	1.098424971752
0.143888888889	1.100412958795
0.144444444444	1.103460286710
0.145000000000	1.103829633520
0.145555555556	1.105024219960
0.146111111111	1.105197589618
0.146666666667	1.104688788735
0.147222222222	1.105243984081
0.147777777778	1.105199841110
0.148333333333	1.103757043613
0.148888888889	1.102745482135
0.149444444444	1.102665202557
0.150000000000	1.102503268260
0.150555555556	1.100842329946
0.151111111111	1.102592109548
0.151666666667	1.106063311161
0.152222222222	1.107730546736
0.152777777778	1.109024475616
0.153333333333	1.111121506232
0.153888888889	1.110132998298
0.154444444444	1.107994146941
0.155000000000	1.107416807866
0.155555555556	1.106525654726
0.156111111111	1.105295362501
0.156666666667	1.105042769697
0.157222222222	1.105618975779
0.157777777778	1.105455274903
0.158333333333	1.103958285911
0.158888888889	1.102838095611
0.159444444444	1.103017379561
0.160000000000	1.103997663927
0.160555555556	1.106030909420
0.161111111111	1.107514732726
0.161666666667	1.107626493095
0.162222222222	1.107451344246
0.162777777778	1.107342817142
0.163333333333	1.107736371991
0.163888888889	1.108129415424
0.164444444444	1.109575913276
0.165000000000	1.108978108844
0.165555555556	1.108509311831
0.166111111111	1.108157725523
0.166666666667	1.107494275834
0.167222222222	1.108648668927
0.167777777778	1.109859620140
0.168333333333	1.110695914582
0.168888888889	1.110666355174
0.169444444444	1.110651077723
0.170000000000	1.109135640422
0.170555555556	1.106898714431
0.171111111111	1.105108401367
0.171666666667	1.104819099581
0.172222222222	1.104375697815
0.172777777778	1.104173795925
0.173333333333	1.104716590587
0.173888888889	1.105251146258
0.174444444444	1.105178975969
0.175000000000	1.103405349919
0.175555555556	1.102418939237
0.176111111111	1.101915561686
0.176666666667	1.101147622458
0.177222222222	1.101888660923
0.177777777778	1.095080095117
0.178333333333	1.099950275089
0.178888888889	1.101381110107
0.179444444444	1.100158639258
0.180000000000	1.099176750545
0.180555555556	1.099494108873
0.181111111111	1.098213012547
0.181666666667	1.098091821532
0.182222222222	1.099739424327
0.182777777778	1.101571237739
0.183333333333	1.100566828668
0.183888888889	1.100863254169
0.184444444444	1.096777972335
0.185000000000	1.093014436358
0.185555555556	1.094536041525
0.186111111111	1.095008907831
0.186666666667	1.095998811247
0.187222222222	1.095346791039
0.187777777778	1.092509719598
0.188333333333	1.092861998674
0.188888888889	1.092673539683
0.189444444444	1.091416627150
0.190000000000	1.092675998900
0.190555555556	1.094515775619
0.191111111111	1.096467879196
0.191666666667	1.098732285911
0.192222222222	1.097505913299
0.192777777778	1.091662148372
0.193333333333	1.091447380342
0.193888888889	1.092938991837
0.194444444444	1.097067265500
0.195000000000	1.101324547094
0.195555555556	1.108589239853
0.196111111111	1.111988003125
0.196666666667	1.109484566385
0.197222222222	1.106358208701
0.197777777778	1.102300577359
0.198333333333	1.095910320069
0.198888888889	1.094204984806
0.199444444444	1.096967834721
0.200000000000	1.097738735948
0.200555555556	1.098105559834
0.201111111111	1.102767749356
0.201666666667	1.108278647365
0.202222222222	1.107638023260
0.202777777778	1.102989243996
0.203333333333	1.098989882425
0.203888888889	1.097238962105
0.204444444444	1.097453797376
0.205000000000	1.097963612363
0.205555555556	1.099365178553
0.206111111111	1.103017609648
0.206666666667	1.104393693887
0.207222222222	1.100053527420
0.207777777778	1.098708986282
0.208333333333	1.102086008113
0.208888888889	1.106552485975
0.209444444444	1.110382550552
0.210000000000	1.113303823682
0.210555555556	1.114256182318
0.211111111111	1.110163802897
0.211666666667	1.103530538767
0.212222222222	1.098106341347
0.212777777778	1.094337294036
0.213333333333	1.093808108650
0.213888888889	1.095409330082
0.214444444444	1.096301156310
0.215000000000	1.096358162187
0.215555555556	1.096629781760
0.216111111111	1.094624302301
0.216666666667	1.091996449983
0.217222222222	1.090377962605
0.217777777778	1.086227502548
0.218333333333	1.079072693010
0.218888888889	1.075851791754
0.219444444444	1.075051169555
0.220000000000	1.078161962321
0.220555555556	1.084759600208
0.221111111111	1.090645600533
0.221666666667	1.095384949676
0.222222222222	1.099290517102
0.222777777778	1.100564498467
0.223333333333	1.101884668957
0.223888888889	1.101238425962
0.224444444444	1.101508348054
0.225000000000	1.099574630327
0.225555555556	1.097096470625
0.226111111111	1.096880539960
0.226666666667	1.096400545399
0.227222222222	1.096683132431
0.227777777778	1.097356468205
0.228333333333	1.097452120520
0.228888888889	1.096979824633
0.229444444444	1.098273616659
0.230000000000	1.099104336239
0.230555555556	1.097465877606
0.231111111111	1.096059789784
0.231666666667	1.096354682931
0.232222222222	1.099968760232
0.232777777778	1.103113120345
0.233333333333	1.101792226469
0.233888888889	1.099088333051
0.234444444444	1.097786344146
0.235000000000	1.096199251449
0.235555555556	1.093547591757
0.236111111111	1.092467013166
0.236666666667	1.092356135850
0.237222222222	1.093389073516
0.237777777778	1.099113381768
0.238333333333	1.105030219955
0.238888888889	1.101783699709
0.239444444444	1.098157713501
0.240000000000	1.096611140649
0.240555555556	1.097135128355
0.241111111111	1.094672285347
0.241666666667	1.090500891001
0.242222222222	1.088682320889
0.242777777778	1.087439439301
0.243333333333	1.088138985648
0.243888888889	1.091092004663
0.244444444444	1.091517835657
0.245000000000	1.099551085057
0.245555555556	1.100791661156
0.246111111111	1.095905829036
0.246666666667	1.090895956370
0.247222222222	1.089894325585
0.247777777778	1.092849324716
0.248333333333	1.097698601293
0.248888888889	1.103551290517
0.249444444444	1.098690995591
0.250000000000	1.092624330448
0.250555555556	1.089079086132
0.251111111111	1.089069889396
0.251666666667	1.088244962638
0.252222222222	1.088526696113
0.252777777778	1.094351475030
0.253333333333	1.101000203138
0.253888888889	1.102414673755
0.254444444444	1.096116123004
0.255000000000	1.092625535606
0.255555555556	1.091398376903
0.256111111111	1.093120789587
0.256666666667	1.092499040361
0.257222222222	1.087291293585
0.257777777778	1.083826312562
0.258333333333	1.083623133081
0.258888888889	1.089021522961
0.259444444444	1.089217390072
0.260000000000	1.084239645584
0.260555555556	1.082219570517
0.261111111111	1.079852799020
0.261666666667	1.078108341883
0.262222222222	1.076806820315
0.262777777778	1.075088525660
0.263333333333	1.077984962020
0.263888888889	1.083581766754
0.264444444444	1.081830344710
0.265000000000	1.088372422123
0.265555555556	1.095841336441
0.266111111111	1.090951288935
0.266666666667	1.083964890591
0.267222222222	1.081259404444
0.267777777778	1.084227625796
0.268333333333	1.089036405579
0.268888888889	1.088395293654
0.269444444444	1.092086344386
0.270000000000	1.094496381626
0.270555555556	1.089702410842
0.271111111111	1.086791666062
0.271666666667	1.088185541882
0.272222222222	1.095160738011
0.272777777778	1.105552373103
0.273333333333	1.109395374395
0.273888888889	1.106175227796
0.274444444444	1.099745904424
0.275000000000	1.087193861388
0.275555555556	1.075058842834
0.276111111111	1.067677252859
0.276666666667	1.071295202543
0.277222222222	1.083238586896
0.277777777778	1.090328366117
0.278333333333	1.087612248276
0.278888888889	1.084786680185
0.279444444444	1.078522401270
0.280000000000	1.072648212829
0.280555555556	1.069085044485
0.281111111111	1.064375745427
0.281666666667	1.061476649422
0.282222222222	1.060795393111
0.282777777778	1.057464480182
0.283333333333	1.052426132079
0.283888888889	1.054508566335
0.284444444444	1.063278719988
0.285000000000	1.068547285860
0.285555555556	1.071279515756
0.286111111111	1.072930319548
0.286666666667	1.072538774338
0.287222222222	1.073793117532
0.287777777778	1.075256306404
0.288333333333	1.075754755767
0.288888888889	1.072423075435
0.289444444444	1.067638817217
0.290000000000	1.064929318277
0.290555555556	1.064114403447
0.291111111111	1.066288880039
0.291666666667	1.069269751838
0.292222222222	1.067501015115
0.292777777778	1.066296475133
0.293333333333	1.068972439568
0.293888888889	1.064752617132
0.294444444444	1.065970346390
0.295000000000	1.071351041171
0.295555555556	1.075064792579
0.296111111111	1.069686285720
0.296666666667	1.064856366292
0.297222222222	1.064343749600
0.297777777778	1.064717170185
0.298333333333	1.067210589524
0.298888888889	1.068399087549
0.299444444444	1.067550561736
0.300000000000	1.066383630151
0.300555555556	1.067332783762
0.301111111111	1.076508502371
0.301666666667	1.089015495032
0.302222222222	1.086436797219
0.302777777778	1.073670686124
0.303333333333	1.066492459994
0.303888888889	1.070998451568
0.304444444444	1.085326443991
0.305000000000	1.096613456451
0.305555555556	1.095161440478
0.306111111111	1.085400791431
0.306666666667	1.072217587398
0.307222222222	1.060512683964
0.307777777778	1.050906588951
0.308333333333	1.046291623980
0.308888888889	1.051077376307
0.309444444444	1.061153347208
0.310000000000	1.068962745319
0.310555555556	1.072924090531
0.311111111111	1.074837694688
0.311666666667	1.073343197986
0.312222222222	1.067781925609
0.312777777778	1.062395783823
0.313333333333	1.059426265228
0.313888888889	1.058604932343
0.314444444444	1.056353436050
0.315000000000	1.054313264216
0.315555555556	1.057138404005
0.316111111111	1.064476437168
0.316666666667	1.069819452418
0.317222222222	1.072463101464
0.317777777778	1.072237234036
0.318333333333	1.070861629610
0.318888888889	1.069029221706
0.319444444444	1.066034787932
0.320000000000	1.064188790072
0.320555555556	1.063409451293
0.321111111111	1.062516459039
0.321666666667	1.061577629457
0.322222222222	1.060527365960
0.322777777778	1.057688896071
0.323333333333	1.055710293529
0.323888888889	1.058096619669
0.324444444444	1.061411518093
0.325000000000	1.063713820935
0.325555555556	1.064474318660
0.326111111111	1.063298225149
0.326666666667	1.061726072528
0.327222222222	1.060957975913
0.327777777778	1.059673367010
0.328333333333	1.057508426038
0.328888888889	1.058161880772
0.329444444444	1.061815935614
0.330000000000	1.064451947596
0.330555555556	1.064204907138
0.331111111111	1.061423170237
0.331666666667	1.057581147822
0.332222222222	1.053903807820
0.332777777778	1.053953703207
0.333333333333	1.057259358510
0.333888888889	1.060764898716
0.334444444444	1.062188554539
0.335000000000	1.061223201004
0.335555555556	1.060106693039
0.336111111111	1.060564959781
0.336666666667	1.060922403082
0.337222222222	1.060215989046
0.337777777778	1.059548580984
0.338333333333	1.057775165265
0.338888888889	1.057158603207
0.339444444444	1.058358784147
0.340000000000	1.059818477941
0.340555555556	1.060491864220
0.341111111111	1.060060634451
0.341666666667	1.059716636498
0.342222222222	1.059742908750
0.342777777778	1.059671501205
0.343333333333	1.059645325119
0.343888888889	1.059449773615
0.344444444444	1.059332187945
0.345000000000	1.056978729100
0.345555555556	1.053801461703
0.346111111111	1.049970557171
0.346666666667	1.050152021513
0.347222222222	1.054382861130
0.347777777778	1.055640047446
0.348333333333	1.054713770575
0.348888888889	1.059263652069
0.349444444444	1.061968999084
0.350000000000	1.060894612947
0.350555555556	1.058360974379
0.351111111111	1.056311417821
0.351666666667	1.056948865906
0.352222222222	1.056023706157
0.352777777778	1.050358463005
0.353333333333	1.045628527749
0.353888888889	1.045403166509
0.354444444444	1.046802544306
0.355000000000	1.051639768301
0.355555555556	1.056298462495
0.356111111111	1.056574046707
0.356666666667	1.052711824808
0.357222222222	1.051222680952
0.357777777778	1.053283075760
0.358333333333	1.058238419844
0.358888888889	1.063328819059
0.359444444444	1.065798233598
0.360000000000	1.065022310181
0.360555555556	1.065410736383
0.361111111111	1.064041952250
0.361666666667	1.061294591203
0.362222222222	1.058869589701
0.362777777778	1.058586656662
0.363333333333	1.059785826208
0.363888888889	1.060199369245
0.364444444444	1.058690025931
0.365000000000	1.057182659792
0.365555555556	1.059091579087
0.366111111111	1.061327639473
0.366666666667	1.061249111048
0.367222222222	1.060634575903
0.367777777778	1.060815661927
0.368333333333	1.062684787470
0.368888888889	1.060943133563
0.369444444444	1.055950367066
0.370000000000	1.052699748057
0.370555555556	1.050329976015
0.371111111111	1.049638579255
0.371666666667	1.051505976577
0.372222222222	1.052442562759
0.372777777778	1.053380408840
0.373333333333	1.053962088167
0.373888888889	1.054781524467
0.374444444444	1.056141985173
0.375000000000	1.058039859896
0.375555555556	1.060021857044
0.376111111111	1.062702958448
0.376666666667	1.062660045247
0.377222222222	1.058585971611
0.377777777778	1.052266171210
0.378333333333	1.053954578794
0.378888888889	1.056985156704
0.379444444444	1.053277945518
0.380000000000	1.054098731698
0.380555555556	1.054503758793
0.381111111111	1.056107803868
0.381666666667	1.058325472894
0.382222222222	1.058289807821
0.382777777778	1.053719216702
0.383333333333	1.051657990300
0.383888888889	1.055540938775
0.384444444444	1.064135186589
0.385000000000	1.072034368884
0.385555555556	1.070859747688
0.386111111111	1.063736216016
0.386666666667	1.058988123076
0.387222222222	1.055035407592
0.387777777778	1.048514443604
0.388333333333	1.048997944062
0.388888888889	1.072773663832
0.389444444444	1.082976875515
0.390000000000	1.089464553152
0.390555555556	1.085726859318
0.391111111111	1.075120075685
0.391666666667	1.063660136864
0.392222222222	1.053241838212
0.392777777778	1.046781284308
0.393333333333	1.044287182017
0.393888888889	1.047440140932
0.394444444444	1.056434701696
0.395000000000	1.059026058429
0.395555555556	1.053586590169
0.396111111111	1.056407707567
0.396666666667	1.056270711049
0.397222222222	1.055638574404
0.397777777778	1.054095151841
0.398333333333	1.051971654629
0.398888888889	1.048262428546
0.399444444444	1.046861795290
0.400000000000	1.049577492144
0.400555555556	1.051331058230
0.401111111111	1.052590781191
0.401666666667	1.056973376211
0.402222222222	1.062070580557
0.402777777778	1.064774733735
0.403333333333	1.064881942215
0.403888888889	1.065002776976
0.404444444444	1.064477887253
0.405000000000	1.066583758711
0.405555555556	1.059406299843
0.406111111111	1.059222081176
0.406666666667	1.059191928597
0.407222222222	1.057378745701
0.407777777778	1.056631365164
0.408333333333	1.055445752478
0.408888888889	1.053066685364
0.409444444444	1.051916556534
0.410000000000	1.054431590329
0.410555555556	1.056004558155
0.411111111111	1.053768704832
0.411666666667	1.054055962724
0.412222222222	1.057196402791
0.412777777778	1.058895270210
0.413333333333	1.059731754367
0.413888888889	1.059789072593
0.414444444444	1.058532444829
0.415000000000	1.056982250502
0.415555555556	1.055339318856
0.416111111111	1.052228865110
0.416666666667	1.049060526052
0.417222222222	1.045039036799
0.417777777778	1.036303806290
0.418333333333	1.050944504144
0.418888888889	1.048891932194
0.419444444444	1.052554999872
0.420000000000	1.058437422869
0.420555555556	1.058769780875
0.421111111111	1.057083752279
0.421666666667	1.053567313339
0.422222222222	1.052278850423
0.422777777778	1.050687985001
0.423333333333	1.055461766044
0.423888888889	1.059323642310
0.424444444444	1.066660098388
0.425000000000	1.067857333316
0.425555555556	1.059202354693
0.426111111111	1.052945633826
0.426666666667	1.052328531306
0.427222222222	1.057883617881
0.427777777778	1.063610147895
0.428333333333	1.063368968687
0.428888888889	1.057533498291
0.429444444444	1.052732492739
0.430000000000	1.051246929145
0.430555555556	1.049980053908
0.431111111111	1.050706153139
0.431666666667	1.051229987138
0.432222222222	1.050758160155
0.432777777778	1.049561273265
0.433333333333	1.046613234489
0.433888888889	1.045860994142
0.434444444444	1.047991758461
0.435000000000	1.046563025581
0.435555555556	1.045678027303
0.436111111111	1.046831399064
0.436666666667	1.048624512664
0.437222222222	1.049774546426
0.437777777778	1.053672212877
0.438333333333	1.061047483959
0.438888888889	1.063977184546
0.439444444444	1.059501739671
0.440000000000	1.055655418313
0.440555555556	1.055391083352
0.441111111111	1.057641641738
0.441666666667	1.059674539427
0.442222222222	1.059367224837
0.442777777778	1.056725578687
0.443333333333	1.052859885176
0.443888888889	1.049792124596
0.444444444444	1.049305555400
0.445000000000	1.049807575042
0.445555555556	1.050783912457
0.446111111111	1.053072772423
0.446666666667	1.051220865003
0.447222222222	1.053857657452
0.447777777778	1.052965926193
0.448333333333	1.050187585296
0.448888888889	1.051357695797
0.449444444444	1.051461769611
0.450000000000	1.050497973078
0.450555555556	1.048886616343
0.451111111111	1.048972051053
0.451666666667	1.051720573323
0.452222222222	1.056025842623
0.452777777778	1.062175002637
0.453333333333	1.063595765199
0.453888888889	1.057128111478
0.454444444444	1.052123988039
0.455000000000	1.053759205118
0.455555555556	1.053599900900
0.456111111111	1.056079039858
0.456666666667	1.055077534509
0.457222222222	1.051166768033
0.457777777778	1.052083458287
0.458333333333	1.054548879340
0.458888888889	1.055493210508
0.459444444444	1.054845054426
0.460000000000	1.051368999244
0.460555555556	1.050322378957
0.461111111111	1.052354366577
0.461666666667	1.053709739288
0.462222222222	1.055812535307
0.462777777778	1.058276229559
0.463333333333	1.059523262898
0.463888888889	1.057675306844
0.464444444444	1.054509602954
0.465000000000	1.055879704608
0.465555555556	1.056271749634
0.466111111111	1.064766692442
0.466666666667	1.062367833709
0.467222222222	1.054335121643
0.467777777778	1.052308996155
0.468333333333	1.052054345858
0.468888888889	1.052338183708
0.469444444444	1.053273016480
0.470000000000	1.055358954667
0.470555555556	1.055131784962
0.471111111111	1.053971490004
0.471666666667	1.051132876488
0.472222222222	1.048620064083
0.472777777778	1.049425767331
0.473333333333	1.056253272066
0.473888888889	1.066954427560
0.474444444444	1.068054284628
0.475000000000	1.061518027789
0.475555555556	1.058299743987
0.476111111111	1.061160723939
0.476666666667	1.066950619832
0.477222222222	1.065782570920
0.477777777778	1.068658996989
0.478333333333	1.078010195647
0.478888888889	1.082231877412
0.479444444444	1.077980169896
0.480000000000	1.068105557649
0.480555555556	1.058873391413
0.481111111111	1.052359361511
0.481666666667	1.049530727500
0.482222222222	1.048220544424
0.482777777778	1.047370051514
0.483333333333	1.047553964096
0.483888888889	1.055128182894
0.484444444444	1.062477695089
0.485000000000	1.061473970214
0.485555555556	1.054467893864
0.486111111111	1.050427385661
0.486666666667	1.051132152324
0.487222222222	1.051079927700
0.487777777778	1.051735909339
0.488333333333	1.055831171113
0.488888888889	1.057972117363
0.489444444444	1.058091921302
0.490000000000	1.061507896791
0.490555555556	1.063701424809
0.491111111111	1.061461289776
0.491666666667	1.057603376037
0.492222222222	1.055625242001
0.492777777778	1.055297045652
0.493333333333	1.057722752892
0.493888888889	1.062305982943
0.494444444444	1.062610969657
0.495000000000	1.062033502229
0.495555555556	1.063808000879
0.496111111111	1.062946926032
0.496666666667	1.061421233709
0.497222222222	1.060577391897
0.497777777778	1.055027238150
0.498333333333	1.055473681767
0.498888888889	1.059814032442
0.499444444444	1.060691328803
0.500000000000	1.063354391858
0.500555555556	1.063839674224
0.501111111111	1.064419645637
0.501666666667	1.064881214022
0.502222222222	1.064420023566
0.502777777778	1.062438635885
0.503333333333	1.059248382684
0.503888888889	1.056299288736
0.504444444444	1.055939033064
0.505000000000	1.057458161136
0.505555555556	1.057529375239
0.506111111111	1.057415810148
0.506666666667	1.057914566638
0.507222222222	1.058463699474
0.507777777778	1.057238004415
0.508333333333	1.054908532388
0.508888888889	1.048695993780
0.509444444444	1.052348009111
0.510000000000	1.056863025123
0.510555555556	1.054202294959
0.511111111111	1.053824361000
0.511666666667	1.059086030455
0.512222222222	1.060053663866
0.512777777778	1.060266535966
0.513333333333	1.062696778789
0.513888888889	1.062750515552
0.514444444444	1.064095929261
0.515000000000	1.065197896352
0.515555555556	1.062323807444
0.516111111111	1.059251420239
0.516666666667	1.058778445191
0.517222222222	1.060723837715
0.517777777778	1.062582102538
0.518333333333	1.063716375153
0.518888888889	1.062794443334
0.519444444444	1.061690740588
0.520000000000	1.062691913174
0.520555555556	1.062466057999
0.521111111111	1.062708516141
0.521666666667	1.061510078703
0.522222222222	1.060869960635
0.522777777778	1.060853697295
0.523333333333	1.061320036085
0.523888888889	1.062051954728
0.524444444444	1.062758457395
0.525000000000	1.067834420001
0.525555555556	1.063297916434
0.526111111111	1.070449616986
0.526666666667	1.070229791033
0.527222222222	1.067643627431
0.527777777778	1.064179859689
0.528333333333	1.062089046069
0.528888888889	1.061913570088
0.529444444444	1.061878071680
0.530000000000	1.061166779434
0.530555555556	1.062977617751
0.531111111111	1.066111300287
0.531666666667	1.066753277572
0.532222222222	1.067227571992
0.532777777778	1.069794325513
0.533333333333	1.071007694272
0.533888888889	1.070635876661
0.534444444444	1.074743951076
0.535000000000	1.069047011191
0.535555555556	1.070308837864
0.536111111111	1.069013382503
0.536666666667	1.067873919711
0.537222222222	1.070987586130
0.537777777778	1.074713895459
0.538333333333	1.078361809954
0.538888888889	1.075119782019
0.539444444444	1.069159085173
0.540000000000	1.068298614179
0.540555555556	1.068146605976
0.541111111111	1.067224393155
0.541666666667	1.070883247764
0.542222222222	1.076140744257
0.542777777778	1.075140012285
0.543333333333	1.074355207076
0.543888888889	1.068762481154
0.544444444444	1.067449192042
0.545000000000	1.067432106539
0.545555555556	1.068134047924
0.546111111111	1.068240351581
0.546666666667	1.069862003640
0.547222222222	1.069343342564
0.547777777778	1.067305681838
0.548333333333	1.068431922187
0.548888888889	1.068995919600
0.549444444444	1.066788757031
0.550000000000	1.068312446262
0.550555555556	1.068189161550
0.551111111111	1.068443445601
0.551666666667	1.067604736647
0.552222222222	1.071804168345
0.552777777778	1.067019721135
0.553333333333	1.081377495444
0.553888888889	1.047407207590
0.554444444444	1.058270254723
0.555000000000	1.061885830027
0.555555555556	1.056403319041
0.556111111111	1.058658253237
0.556666666667	1.059731330832
0.557222222222	1.061997104043
0.557777777778	1.061678510639
0.558333333333	1.060621494116
0.558888888889	1.061847423049
0.559444444444	1.061900967303
0.560000000000	1.059694064730
0.560555555556	1.049684054547
0.561111111111	1.059884743668
0.561666666667	1.052151990149
0.562222222222	1.069454245501
0.562777777778	1.072745572765
0.563333333333	1.071509548141
0.563888888889	1.089276171393
0.564444444444	1.076001488823
0.565000000000	1.067472762783
0.565555555556	1.059499790456
0.566111111111	1.061136160872
0.566666666667	1.072740164790
0.567222222222	1.084729423100
0.567777777778	1.095718784714
0.568333333333	1.096079231416
0.568888888889	1.087438852590
0.569444444444	1.073012290585
0.570000000000	1.058381225642
0.570555555556	1.050589982432
0.571111111111	1.050766451825
0.571666666667	1.055985432550
0.572222222222	1.061914769943
0.572777777778	1.065327712714
0.573333333333	1.065438547425
0.573888888889	1.061488966048
0.574444444444	1.058854016100
0.575000000000	1.059403485198
0.575555555556	1.058634141504
0.576111111111	1.054729391958
0.576666666667	1.052089120503
0.577222222222	1.050786883931
0.577777777778	1.051996078910
0.578333333333	1.058251622024
0.578888888889	1.064049630858
0.579444444444	1.066913297719
0.580000000000	1.067820437511
0.580555555556	1.067397406830
0.581111111111	1.071203835664
0.581666666667	1.070501721140
0.582222222222	1.067668064964
0.582777777778	1.069096466191
0.583333333333	1.066347200257
0.583888888889	1.063552036384
0.584444444444	1.057757730371
0.585000000000	1.057777140822
0.585555555556	1.060602366371
0.586111111111	1.064345893818
0.586666666667	1.068415966982
0.587222222222	1.069442774926
0.587777777778	1.068354837768
0.588333333333	1.062528644984
0.588888888889	1.062054176126
0.589444444444	1.066782647754
0.590000000000	1.066686547463
0.590555555556	1.064612643660
0.591111111111	1.057895720995
0.591666666667	1.056822127238
0.592222222222	1.057006961289
0.592777777778	1.060246395377
0.593333333333	1.062752783227
0.593888888889	1.062481382200
0.594444444444	1.061826907074
0.595000000000	1.062947483584
0.595555555556	1.073325539342
0.596111111111	1.071233920797
0.596666666667	1.066263348536
0.597222222222	1.066727090907
0.597777777778	1.066891278084
0.598333333333	1.068183731027
0.598888888889	1.067228673575
0.599444444444	1.066986851189
0.600000000000	1.068712324334
0.600555555556	1.069339563028
0.601111111111	1.068305252704
0.601666666667	1.065135201572
0.602222222222	1.062495236042
0.602777777778	1.065462744102
0.603333333333	1.074190134552
0.603888888889	1.070940799319
0.604444444444	1.071976165847
0.605000000000	1.071161058776
0.605555555556	1.070262242929
0.606111111111	1.068647007968
0.606666666667	1.065903763415
0.607222222222	1.065215554567
0.607777777778	1.063210004535
0.608333333333	1.061744478181
0.608888888889	1.065916438460
0.609444444444	1.070766507740
0.610000000000	1.065309172200
0.610555555556	1.067042451483
0.611111111111	1.069971667924
0.611666666667	1.069823438949
0.612222222222	1.064738812788
0.612777777778	1.061529945967
0.613333333333	1.061124819351
0.613888888889	1.061745702244
0.614444444444	1.063928276939
0.615000000000	1.070395049020
0.615555555556	1.071166467358
0.616111111111	1.064332514264
0.616666666667	1.062750891812
0.617222222222	1.064457483661
0.617777777778	1.037594240992
0.618333333333	1.024171776007
0.618888888889	1.044485675880
0.619444444444	1.044882460487
0.620000000000	1.060248249031
0.620555555556	1.072027019742
0.621111111111	1.072297642365
0.621666666667	1.066261678213
0.622222222222	1.061200460148
0.622777777778	1.059532820924
0.623333333333	1.059028032884
0.623888888889	1.058561553119
0.624444444444	1.063408415818
0.625000000000	1.060177543752
0.625555555556	1.057284945443
0.626111111111	1.060823498280
0.626666666667	1.063804539186
0.627222222222	1.065855318568
0.627777777778	1.064243209939
0.628333333333	1.064698658246
0.628888888889	1.064867549875
0.629444444444	1.064332210426
0.630000000000	1.063102849932
0.630555555556	1.060577678149
0.631111111111	1.060611976064
0.631666666667	1.062633839474
0.632222222222	1.064644752986
0.632777777778	1.072628598889
0.633333333333	1.069687752055
0.633888888889	1.069147683649
0.634444444444	1.065810563458
0.635000000000	1.063648140348
0.635555555556	1.063123689680
0.636111111111	1.062714451018
0.636666666667	1.063565480905
0.637222222222	1.064305758351
0.637777777778	1.064016217900
0.638333333333	1.063499803124
0.638888888889	1.063125346752
0.639444444444	1.065870908414
0.640000000000	1.059963094625
0.640555555556	1.059627813829
0.641111111111	1.057735414933
0.641666666667	1.055719208368
0.642222222222	1.055035423020
0.642777777778	1.056926968921
0.643333333333	1.061442785757
0.643888888889	1.062312553675
0.644444444444	1.059979863742
0.645000000000	1.058518206681
0.645555555556	1.061138001910
0.646111111111	1.062730470869
0.646666666667	1.060095767783
0.647222222222	1.062667878334
0.647777777778	1.061057667345
0.648333333333	1.059198250570
0.648888888889	1.061359628257
0.649444444444	1.061306590713
0.650000000000	1.050221873251
0.650555555556	1.071332721693
0.651111111111	1.035191298576
0.651666666667	1.047391899145
0.652222222222	1.056863106036
0.652777777778	1.068969139026
0.653333333333	1.061387666862
0.653888888889	1.059736793803
0.654444444444	1.062378933839
0.655000000000	1.061548135830
0.655555555556	1.057030876332
0.656111111111	1.053241529537
0.656666666667	1.053521322251
0.657222222222	1.061244009954
0.657777777778	1.071390421873
0.658333333333	1.065864189987
0.658888888889	1.066539647173
0.659444444444	1.064461847057
0.660000000000	1.063132184081
0.660555555556	1.060252236902
0.661111111111	1.057100434601
0.661666666667	1.058084687648
0.662222222222	1.060847384252
0.662777777778	1.063245976559
0.663333333333	1.063168232749
0.663888888889	1.059993679112
0.664444444444	1.055690803950
0.665000000000	1.052552536927
0.665555555556	1.051431269733
0.666111111111	1.053157710480
0.666666666667	1.057849285310
0.667222222222	1.064397845777
0.667777777778	1.066438017447
0.668333333333	1.066057286759
0.668888888889	1.062619164021
0.669444444444	1.058760859248
0.670000000000	1.056088559798
0.670555555556	1.054484334794
0.671111111111	1.052387112242
0.671666666667	1.049970516883
0.672222222222	1.050098589605
0.672777777778	1.054186264650
0.673333333333	1.054462620323
0.673888888889	1.057684764173
0.674444444444	1.066852696994
0.675000000000	1.074432552319
0.675555555556	1.068921062384
0.676111111111	1.059273001940
0.676666666667	1.053793766037
0.677222222222	1.049022788909
0.677777777778	1.045037200539
0.678333333333	1.049506652540
0.678888888889	1.052349595659
0.679444444444	1.054971401157
0.680000000000	1.055487068114
0.680555555556	1.056466904320
0.681111111111	1.058110833877
0.681666666667	1.053845250274
0.682222222222	1.060061299967
0.682777777778	1.073978113287
0.683333333333	1.088586431777
0.683888888889	1.090168470596
0.684444444444	1.080710403906
0.685000000000	1.069645212207
0.685555555556	1.062449813768
0.686111111111	1.060003815002
0.686666666667	1.058417523060
0.687222222222	1.059070335030
0.687777777778	1.065751212925
0.688333333333	1.080780090258
0.688888888889	1.097959019254
0.689444444444	1.106588288711
0.690000000000	1.103892006811
0.690555555556	1.092330161140
0.691111111111	1.075048530160
0.691666666667	1.056968850011
0.692222222222	1.046968539368
0.692777777778	1.045889606484
0.693333333333	1.050465879808
0.693888888889	1.057860651828
0.694444444444	1.066601022598
0.695000000000	1.073758965034
0.695555555556	1.074559092222
0.696111111111	1.072048117203
0.696666666667	1.071316539175
0.697222222222	1.066889525893
0.697777777778	1.055762306245
0.698333333333	1.045639748213
0.698888888889	1.043024377623
0.699444444444	1.048091333448
0.700000000000	1.053914990737
0.700555555556	1.058917322724
0.701111111111	1.065244563883
0.701666666667	1.067467343841
0.702222222222	1.068317542063
0.702777777778	1.069210476827
0.703333333333	1.069195543071
0.703888888889	1.072454516133
0.704444444444	1.071256000003
0.705000000000	1.069840461175
0.705555555556	1.067134967117
0.706111111111	1.064345977731
0.706666666667	1.063339763750
0.707222222222	1.063222267521
0.707777777778	1.061935436441
0.708333333333	1.060428758534
0.708888888889	1.062334578847
0.709444444444	1.063638732747
0.710000000000	1.066143292767
0.710555555556	1.066736620604
0.711111111111	1.067766494301
0.711666666667	1.068431821321
0.712222222222	1.067064282059
0.712777777778	1.062693817587
0.713333333333	1.059755340884
0.713888888889	1.056823197304
0.714444444444	1.055242958749
0.715000000000	1.062037076528
0.715555555556	1.068049652664
0.716111111111	1.064577831818
0.716666666667	1.059242698436
0.717222222222	1.059306877801
0.717777777778	1.061246541884
0.718333333333	1.063367871109
0.718888888889	1.064483574759
0.719444444444	1.063459609706
0.720000000000	1.063505352108
0.720555555556	1.062731393473
0.721111111111	1.064256188567
0.721666666667	1.063999931821
0.722222222222	1.061035973367
0.722777777778	1.055962813532
0.723333333333	1.053074125925
0.723888888889	1.054408008982
0.724444444444	1.056337187811
0.725000000000	1.058460826675
0.725555555556	1.061783060165
0.726111111111	1.064473586583
0.726666666667	1.062130852596
0.727222222222	1.056714826082
0.727777777778	1.056280272474
0.728333333333	1.059246420463
0.728888888889	1.059759707488
0.729444444444	1.060502619210
0.730000000000	1.062263218420
0.730555555556	1.062527381188
0.731111111111	1.063901456145
0.731666666667	1.064271415425
0.732222222222	1.065024678805
0.732777777778	1.060725622848
0.733333333333	1.061469007415
0.733888888889	1.064655202742
0.734444444444	1.064459897105
0.735000000000	1.062571461926
0.735555555556	1.063213116260
0.736111111111	1.066201256439
0.736666666667	1.064914149946
0.737222222222	1.065170202278
0.737777777778	1.063860444879
0.738333333333	1.059223082963
0.738888888889	1.055456852066
0.739444444444	1.055373386908
0.740000000000	1.059873143070
0.740555555556	1.062561454112
0.741111111111	1.056905460839
0.741666666667	1.062468627519
0.742222222222	1.064463013597
0.742777777778	1.066034671341
0.743333333333	1.066412487676
0.743888888889	1.064923837653
0.744444444444	1.062665517724
0.745000000000	1.061018273652
0.745555555556	1.060333409925
0.746111111111	1.059342116885
0.746666666667	1.059575878992
0.747222222222	1.062177144068
0.747777777778	1.062322017138
0.748333333333	1.065931221234
0.748888888889	1.067884336007
0.749444444444	1.065842873515
0.750000000000	1.064618847996
0.750555555556	1.066197602581
0.751111111111	1.063951888113
0.751666666667	1.062715293881
0.752222222222	1.063529830794
0.752777777778	1.065154899401
0.753333333333	1.066397237050
0.753888888889	1.067108061740
0.754444444444	1.068484285732
0.755000000000	1.070083872150
0.755555555556	1.068160996082
0.756111111111	1.066229036508
0.756666666667	1.065858293724
0.757222222222	1.066171944732
0.757777777778	1.069362261209
0.758333333333	1.067647858221
0.758888888889	1.066416951139
0.759444444444	1.067858163691
0.760000000000	1.066817303323
0.760555555556	1.066463227673
0.761111111111	1.065708111793
0.761666666667	1.065662072645
0.762222222222	1.062920374993
0.762777777778	1.059753410668
0.763333333333	1.060106959576
0.763888888889	1.056058555706
0.764444444444	1.058113067056
0.765000000000	1.058426775956
0.765555555556	1.062766735443
0.766111111111	1.061341107169
0.766666666667	1.061853894804
0.767222222222	1.061999406962
0.767777777778	1.060627346686
0.768333333333	1.062815287200
0.768888888889	1.063979907512
0.769444444444	1.062508887345
0.770000000000	1.061385016156
0.770555555556	1.062070437653
0.771111111111	1.062751669273
0.771666666667	1.062635374128
0.772222222222	1.062372148855
0.772777777778	1.065527649695
0.773333333333	1.066400943258
0.773888888889	1.067332369140
0.774444444444	1.066063016534
0.775000000000	1.064297932891
0.775555555556	1.066086646778
0.776111111111	1.066971826715
0.776666666667	1.065650741673
0.777222222222	1.066533731713
0.777777777778	1.066018242614
0.778333333333	1.065888274300
0.778888888889	1.067925894730
0.779444444444	1.066469042062
0.780000000000	1.065167915188
0.780555555556	1.066508521148
0.781111111111	1.067125531121
0.781666666667	1.067524511506
0.782222222222	1.067933775498
0.782777777778	1.067938789946
0.783333333333	1.067464157718
0.783888888889	1.062627183600
0.784444444444	1.063053483040
0.785000000000	1.062278254469
0.785555555556	1.063113757447
0.786111111111	1.064642234618
0.786666666667	1.065413982538
0.787222222222	1.065758361998
0.787777777778	1.067544827543
0.788333333333	1.064490221826
0.788888888889	1.059116597555
0.789444444444	1.055876128794
0.790000000000	1.055752746131
0.790555555556	1.058195297992
0.791111111111	1.060624819641
0.791666666667	1.061312423713
0.792222222222	1.062514675517
0.792777777778	1.061240932176
0.793333333333	1.060072515489
0.793888888889	1.062853415427
0.794444444444	1.067382170289
0.795000000000	1.077809762458
0.795555555556	1.082260301696
0.796111111111	1.076005342493
0.796666666667	1.067365838570
0.797222222222	1.061818510340
0.797777777778	1.059111326025
0.798333333333	1.061239526422
0.798888888889	1.060784359395
0.799444444444	1.062604746321
0.800000000000	1.065934832650
0.800555555556	1.067426641073
0.801111111111	1.066370944687
0.801666666667	1.064741897752
0.802222222222	1.063626981890
0.802777777778	1.060968118556
0.803333333333	1.059572187367
0.803888888889	1.058033293074
0.804444444444	1.055268262571
0.805000000000	1.052235784254
0.805555555556	1.051884749455
0.806111111111	1.053438599494
0.806666666667	1.053897202100
0.807222222222	1.048868191932
0.807777777778	1.054575311839
0.808333333333	1.058590136860
0.808888888889	1.058724720548
0.809444444444	1.057451022212
0.810000000000	1.054314659227
0.810555555556	1.051564051674
0.811111111111	1.052193875529
0.811666666667	1.052992879401
0.812222222222	1.053193777090
0.812777777778	1.055467039245
0.813333333333	1.057791908087
0.813888888889	1.057688487646
0.814444444444	1.059124401260
0.815000000000	1.062641131930
0.815555555556	1.051577950869
0.816111111111	1.051300010693
0.816666666667	1.057957850962
0.817222222222	1.052862458644
0.817777777778	1.054781190837
0.818333333333	1.056713452780
0.818888888889	1.054530620310
0.819444444444	1.051596663622
0.820000000000	1.051696278386
0.820555555556	1.054598234126
0.821111111111	1.058285683312
0.821666666667	1.060444489517
0.822222222222	1.062536618109
0.822777777778	1.061035054386
0.823333333333	1.058940802853
0.823888888889	1.064391969213
0.824444444444	1.067290620040
0.825000000000	1.081300010748
0.825555555556	1.093234900500
0.826111111111	1.092032496542
0.826666666667	1.088642722914
0.827222222222	1.087367679950
0.827777777778	1.086081294283
0.828333333333	1.080842708312
0.828888888889	1.074627582253
0.829444444444	1.069208399108
0.830000000000	1.058605980181
0.830555555556	1.052712679558
0.831111111111	1.059760144505
0.831666666667	1.062069696027
0.832222222222	1.057418659623
0.832777777778	1.057209949557
0.833333333333	1.057839139878
0.833888888889	1.052449892501
0.834444444444	1.041989332881
0.835000000000	1.040370669810
0.835555555556	1.046548273122
0.836111111111	1.042965757842
0.836666666667	1.048114615808
0.837222222222	1.052414792600
0.837777777778	1.051891309206
0.838333333333	1.050322941333
0.838888888889	1.052178959042
0.839444444444	1.060031365870
0.840000000000	1.069892225026
0.840555555556	1.061866453771
0.841111111111	1.062368891333
0.841666666667	1.060688029413
0.842222222222	1.059505444082
0.842777777778	1.059132928266
0.843333333333	1.058654224050
0.843888888889	1.057852078147
0.844444444444	1.055910829722
0.845000000000	1.052267106654
0.845555555556	1.050128447043
0.846111111111	1.051352826147
0.846666666667	1.053547174899
0.847222222222	1.057485079806
0.847777777778	1.061276768879
0.848333333333	1.062792859972
0.848888888889	1.072379452985
0.849444444444	1.076160569801
0.850000000000	1.082810436704
0.850555555556	1.079684464309
0.851111111111	1.067496688123
0.851666666667	1.069521053627
0.852222222222	1.080097678119
0.852777777778	1.080295110266
0.853333333333	1.072581862110
0.853888888889	1.064282924521
0.854444444444	1.057810070745
0.855000000000	1.040566168279
0.855555555556	1.041849670246
0.856111111111	1.046268321988
0.856666666667	1.050423778601
0.857222222222	1.055652228308
0.857777777778	1.061211440247
0.858333333333	1.063303084317
0.858888888889	1.059135010067
0.859444444444	1.055834206196
0.860000000000	1.052471240655
0.860555555556	1.048650976718
0.861111111111	1.046092015530
0.861666666667	1.043322227782
0.862222222222	1.041929546526
0.862777777778	1.047270429891
0.863333333333	1.049006621180
0.863888888889	1.049433941507
0.864444444444	1.065992932701
0.865000000000	1.061159392604
0.865555555556	1.060862766875
0.866111111111	1.059285996825
0.866666666667	1.059281655106
0.867222222222	1.054719382903
0.867777777778	1.052403593939
0.868333333333	1.053703726921
0.868888888889	1.046039877229
0.869444444444	1.050887858001
0.870000000000	1.053192599204
0.870555555556	1.054292992754
0.871111111111	1.056032724695
0.871666666667	1.061866791594
0.872222222222	1.067111785812
0.872777777778	1.063147653995
0.873333333333	1.055907854420
0.873888888889	1.053307862281
0.874444444444	1.054345673987
0.875000000000	1.056901306014
0.875555555556	1.057222328867
0.876111111111	1.057643525918
0.876666666667	1.057186289785
0.877222222222	1.056742763449
0.877777777778	1.055979544121
0.878333333333	1.056131129218
0.878888888889	1.053405392768
0.879444444444	1.056511105277
0.880000000000	1.055211680963
0.880555555556	1.054795773343
0.881111111111	1.054652595183
0.881666666667	1.054612939065
0.882222222222	1.054078252770
0.882777777778	1.051101497138
0.883333333333	1.051492121213
0.883888888889	1.055509768981
0.884444444444	1.058839025149
0.885000000000	1.061355323293
0.885555555556	1.061201661630
0.886111111111	1.062535687969
0.886666666667	1.066906192677
0.887222222222	1.065008345732
0.887777777778	1.059900179026
0.888333333333	1.061321071632
0.888888888889	1.068840517168
0.889444444444	1.074694816664
0.890000000000	1.073199693352
0.890555555556	1.066471545139
0.891111111111	1.059410169842
0.891666666667	1.054418047328
0.892222222222	1.049869444007
0.892777777778	1.049048604202
0.893333333333	1.051416195611
0.893888888889	1.055200031026
0.894444444444	1.056979145954
0.895000000000	1.054998192388
0.895555555556	1.052495830792
0.896111111111	1.051432914805
0.896666666667	1.051899365053
0.897222222222	1.052129390636
0.897777777778	1.051079798611
0.898333333333	1.050230825336
0.898888888889	1.049747266281
0.899444444444	1.049548513153
0.900000000000	1.049975765598
0.900555555556	1.049279250604
0.901111111111	1.046555895904
0.901666666667	1.045114757963
0.902222222222	1.046972767518
0.902777777778	1.049831257984
0.903333333333	1.051965448299
0.903888888889	1.053116382643
0.904444444444	1.053992105318
0.905000000000	1.054925030636
0.905555555556	1.054081368917
0.906111111111	1.052707573694
0.906666666667	1.052043278807
0.907222222222	1.050442745433
0.907777777778	1.047294862764
0.908333333333	1.041609085731
0.908888888889	1.038540293595
0.909444444444	1.042141729147
0.910000000000	1.047415101445
0.910555555556	1.052464674107
0.911111111111	1.056301760096
0.911666666667	1.057705818331
0.912222222222	1.053796858863
0.912777777778	1.046923961176
0.913333333333	1.043759661979
0.913888888889	1.047479797769
0.914444444444	1.052638635012
0.915000000000	1.057163481599
0.915555555556	1.058953955388
0.916111111111	1.059510901064
0.916666666667	1.059880232911
0.917222222222	1.058294382057
0.917777777778	1.056735081042
0.918333333333	1.054905475887
0.918888888889	1.054418635509
0.919444444444	1.056711035084
0.920000000000	1.055251999340
0.920555555556	1.053424122420
0.921111111111	1.054190573530
0.921666666667	1.051831229002
0.922222222222	1.049906558699
0.922777777778	1.051685945049
0.923333333333	1.053339079192
0.923888888889	1.053470435982
0.924444444444	1.053737428799
0.925000000000	1.054502134875
0.925555555556	1.054935826132
0.926111111111	1.054221946146
0.926666666667	1.054407769928
0.927222222222	1.053637792168
0.927777777778	1.052492659359
0.928333333333	1.049543236227
0.928888888889	1.046906155691
0.929444444444	1.050765005417
0.930000000000	1.056395476445
0.930555555556	1.057853137395
0.931111111111	1.057713142842
0.931666666667	1.050874039735
0.932222222222	1.053184224278
0.932777777778	1.053447998845
0.933333333333	1.051647793598
0.933888888889	1.052882488361
0.934444444444	1.054206338668
0.935000000000	1.056406696062
0.935555555556	1.058266423233
0.936111111111	1.058553326325
0.936666666667	1.057643835906
0.937222222222	1.057664926822
0.937777777778	1.058541385319
0.938333333333	1.058156760430
0.938888888889	1.055198399426
0.939444444444	1.054065170933
0.940000000000	1.061490261548
0.940555555556	1.077033820925
0.941111111111	1.084824852074
0.941666666667	1.078591288595
0.942222222222	1.070635114409
0.942777777778	1.069749218074
0.943333333333	1.077455720271
0.943888888889	1.086714056332
0.944444444444	1.087462307086
0.945000000000	1.079687163215
0.945555555556	1.070448725889
0.946111111111	1.061179835960
0.946666666667	1.052694486412
0.947222222222	1.048111435581
0.947777777778	1.048913501507
0.948333333333	1.053113424231
0.948888888889	1.058249129788
0.949444444444	1.046237668741
0.950000000000	1.051628903518
0.950555555556	1.055621498512
0.951111111111	1.053040965471
0.951666666667	1.051439439721
0.952222222222	1.049811809033
0.952777777778	1.049272694516
0.953333333333	1.048466734898
0.953888888889	1.049861546984
0.954444444444	1.053001839446
0.955000000000	1.056158951731
0.955555555556	1.061209315283
0.956111111111	1.066080290266
0.956666666667	1.064675905092
0.957222222222	1.059412156319
0.957777777778	1.048901632257
0.958333333333	1.031620771554
0.958888888889	1.044891681805
0.959444444444	1.051755784100
0.960000000000	1.059025600802
0.960555555556	1.055219286689
0.961111111111	1.054127161180
0.961666666667	1.053086463840
0.962222222222	1.051059079098
0.962777777778	1.045135808066
0.963333333333	1.043243699901
0.963888888889	1.051895081663
0.964444444444	1.053628117073
0.965000000000	1.052454900449
0.965555555556	1.056601358423
0.966111111111	1.055700059766
0.966666666667	1.058075667444
0.967222222222	1.059384610193
0.967777777778	1.061693321793
0.968333333333	1.061216300681
0.968888888889	1.062893378445
0.969444444444	1.068946490286
0.970000000000	1.063095832008
0.970555555556	1.055725569049
0.971111111111	1.055668606991
0.971666666667	1.065803281082
0.972222222222	1.060315955726
0.972777777778	1.062311457786
0.973333333333	1.064252492796
0.973888888889	1.061203084888
0.974444444444	1.060102243914
0.975000000000	1.065251648646
0.975555555556	1.069222206261
0.976111111111	1.063494140044
0.976666666667	1.061493829229
0.977222222222	1.062307019835
0.977777777778	1.062419228048
0.978333333333	1.066900432859
0.978888888889	1.067867583141
0.979444444444	1.064400283354
0.980000000000	1.060780965928
0.980555555556	1.058552992824
0.981111111111	1.057634570617
0.981666666667	1.055523081051
0.982222222222	1.056040379995
0.982777777778	1.058755320238
0.983333333333	1.061058970069
0.983888888889	1.061508610274
0.984444444444	1.066067472277
0.985000000000	1.068697639524
0.985555555556	1.065607775331
0.986111111111	1.065719230603
0.986666666667	1.061105147595
0.987222222222	1.058601304456
0.987777777778	1.057310646080
0.988333333333	1.055169209242
0.988888888889	1.058210638239
0.989444444444	1.060201746979
0.990000000000	1.061665733100
0.990555555556	1.066494209396
0.991111111111	1.069510435742
0.991666666667	1.065047393933
0.992222222222	1.063861187858
0.992777777778	1.058749109384
0.993333333333	1.059337807559
0.993888888889	1.056954263724
0.994444444444	1.057587709304
0.995000000000	1.054644768220
0.995555555556	1.051882586731
0.996111111111	1.064822752105
0.996666666667	1.056038504400
0.997222222222	1.038491226920
0.997777777778	1.045272820290
0.998333333333	1.044456385896
0.998888888889	1.048508698810
0.999444444444	1.058995829650
1.000000000000	1.065674966775
1.000555555556	1.064168000174
